600774
000779
600213
000923
002241
600769
000966
600321
600877
000541
000980
600794
600846
000700
002067
600371
600805
600220
000523
002129
600375
002035
600532
600738
000546
002044
002057
000915
600020
000970
600590
000712
002256
600671
600068
002105
000920
000803
002047
600566
000868
000701
600330
600319
000811
002009
002053
600193
002102
600088
600814
000715
600081
600177
600433
002036
600832
600838
000718
600512
000978
600689
000420
000421
000153
000404
600650
600824
600770
000602
600199
600226
600323
600822
600825


